orange = imread('bildat_lab3/tiger1.jpg');
kmeans_example

l =

     1


centers =

   0.601786609664062   0.610933417781655   0.641427176523363
   0.661059024635579   0.393992156862792   0.143609049773760
   0.814224048435442   0.772584103519192   0.702856514234896
                   0                   0                   0
                   0                   0                   0
                   0                   0                   0
   0.645038782637703   0.544201061301156   0.397268164390737
   0.187363305536562   0.162588410044085   0.128691932361530


l =

     2


centers =

   0.628444898308890   0.618430200316579   0.595876446692833
   0.628888545794570   0.402728515144658   0.175540802497706
   0.844950934677965   0.801866266653150   0.729861968905541
   0.043537049347256   0.063786700862904   0.049853455848945
                   0                   0                   0
                   0                   0                   0
   0.625706252879026   0.527741768311011   0.385026237256845
   0.207422213858247   0.171659452629365   0.131418118435711


l =

     3


centers =

   0.648130379794130   0.628016642563799   0.587608085055724
   0.619337434957449   0.402556093988403   0.183189624819461
   0.853459076825480   0.810731098213139   0.739977836578589
   0.061680179338453   0.089255841205810   0.064642990415148
   0.015904893291419   0.019031895726380   0.022771030749863
                   0                   0                   0
   0.622784659165623   0.522680067552764   0.378819033206048
   0.228191017144685   0.179192900401757   0.138594354685930


l =

     4


centers =

   0.668002983978091   0.637147776499406   0.580926975065046
   0.617200373906706   0.401624268322433   0.183601967461198
   0.856092157152756   0.816279268848137   0.749991874802208
   0.076973895475358   0.109366183584179   0.076368119464025
   0.026474829379900   0.035078163148811   0.034375279399731
   0.006821895424837   0.007598039215686   0.009640522875817
   0.619374081287168   0.519539703448818   0.377688979088115
   0.240975878024916   0.182832985544590   0.142937883159819


l =

     5


centers =

   0.688598875302125   0.646094582189623   0.573116326447856
   0.621953893560735   0.403148982872268   0.181856555969666
   0.856385332062938   0.821445679561835   0.762517117744604
   0.091732160361617   0.125882297402685   0.086443679865332
   0.036010451047462   0.049895903343504   0.043532237143457
   0.012235656387266   0.014013796434663   0.018708206916331
   0.609464616263834   0.514628606754589   0.380072868944046
   0.250639203655443   0.185223122867936   0.146036009955512


l =

     6


centers =

   0.709428951421191   0.654485949825134   0.563904255848143
   0.639923146861590   0.411736800873650   0.180262009732421
   0.855944962385268   0.826131453745517   0.774958178847687
   0.106837546286567   0.138537478264164   0.095192297169682
   0.044130795886907   0.062879138413328   0.050732728154354
   0.017335852332827   0.020834326870755   0.024497881472515
   0.586662978033726   0.505823828568633   0.388522397553228
   0.258860444779806   0.187593746711452   0.148403208611102


l =

     7


centers =

   0.730293740623062   0.659918978863221   0.548819785174382
   0.678438487454753   0.438220436520316   0.188642727101486
   0.855070768330734   0.829498220850434   0.784771746371261
   0.121714670960110   0.147361598067172   0.102333287694689
   0.051054045786047   0.073791388760597   0.056592681790982
   0.021474671696915   0.027178508705363   0.029025823377639
   0.529613032971673   0.485424350054346   0.411554679770922
   0.267042507291085   0.189819437991333   0.149718719393336


l =

     8


centers =

   0.737400339824758   0.662770597717549   0.545151857632350
   0.704781364857562   0.462703109565699   0.205187608175923
   0.852737581494791   0.830526631168838   0.790895169612735
   0.135698348875623   0.152567639907971   0.107657443004252
   0.057168337206573   0.083059299399424   0.061388868455526
   0.025019086941980   0.032544576627370   0.032751405028740
   0.486900152842454   0.467229099707803   0.422448894632094
   0.275163172632105   0.190813423699045   0.148008238716860


l =

     9


centers =

   0.732748966401704   0.663085154098304   0.551207224713310
   0.718360955215032   0.477375112539635   0.216525635667854
   0.852010903174467   0.830947003175112   0.793059267654077
   0.147714471785045   0.155997531418235   0.112130922835867
   0.062622882791531   0.091524862836132   0.065575309018087
   0.028060010387478   0.037300125005186   0.035859306961784
   0.473096967385110   0.456896623819014   0.416546128396018
   0.283383906429510   0.191933230394142   0.146069882267148


l =

    10


centers =

   0.726493617796441   0.662302211992530   0.557610339823944
   0.728219426923993   0.487520718822467   0.223714927388694
   0.853020357699048   0.831858170083313   0.793830112969287
   0.158629782376169   0.157890595899339   0.115571205385199
   0.067762886288222   0.099605268239912   0.069663675494255
   0.030834029417399   0.041592511583968   0.038523947705984
   0.466735093040137   0.450000814599643   0.409089560519107
   0.290937169028193   0.194264395782541   0.145602213634769


l =

    11


centers =

   0.720458160422606   0.660878238915450   0.562502479292310
   0.736390620280830   0.495591816697815   0.229149797570794
   0.854339453939110   0.832627192438989   0.793802370320795
   0.169560367147569   0.157943537298398   0.117642492826653
   0.072662809469119   0.107116554777505   0.073650339891224
   0.033216216253326   0.045361243720228   0.040740542418214
   0.462796564001527   0.444733904622681   0.402222675489810
   0.298300527762288   0.198477322369032   0.146482301140078


l =

    12


centers =

   0.715777336575585   0.659492386698232   0.565711284513802
   0.742849520229702   0.502160377478736   0.233749455944664
   0.855200567406307   0.832891618185622   0.793149105796064
   0.182821462838501   0.154495633133970   0.117483110684610
   0.077399624939508   0.114771816127571   0.077613661213024
   0.035381505018134   0.048696974634725   0.042651796329485
   0.460871864944670   0.441483029496843   0.397601459590228
   0.306465080280758   0.208803705523769   0.151184447625704


l =

    13


centers =

   0.712048644242547   0.658233504211393   0.567874531437316
   0.748151049226789   0.507533837634112   0.237477473529621
   0.855794512525845   0.832876849707713   0.792223123608643
   0.203559666793612   0.144414783524956   0.112217194570070
   0.082369590553370   0.123985668728592   0.082283942316284
   0.037435232462504   0.051892500169765   0.044462193651024
   0.461245746957088   0.440639622575270   0.395670490020602
   0.315113646934698   0.239976433377697   0.170473946035927


l =

    14


centers =

   0.709283852269164   0.657311766324995   0.569496866954875
   0.752532393315335   0.512023632432430   0.240726717462031
   0.856242530695959   0.832776845090870   0.791295756319632
   0.225966433175029   0.132485735909838   0.105902201741537
   0.089678847945673   0.138052317115548   0.089643262023472
   0.039542305551257   0.055059732856127   0.046253447620927
   0.466493303789165   0.445236748098838   0.400193802230568
   0.315926409456099   0.276971332181065   0.196983765816566


l =

    15


centers =

   0.708606524182633   0.657657739523895   0.571293016652547
   0.755264260687151   0.514693457236035   0.242506737531028
   0.856557406201951   0.832596749927862   0.790377823539980
   0.243204934633715   0.120821207804104   0.099948149410821
   0.101441540423496   0.155155652609616   0.100773196380112
   0.042555114955507   0.059251402272388   0.048630258949535
   0.475899325177521   0.454175854588239   0.409085056595497
   0.316682624701676   0.287072411559208   0.207832077230507


l =

    16


centers =

   0.710105694687714   0.659472745778348   0.573474142826263
   0.756486912109679   0.515956358770599   0.243402860608118
   0.856846559378322   0.832684303764936   0.790156058794972
   0.255045005083267   0.112266163260712   0.091665147967134
   0.115274313750254   0.167858126670415   0.112621633895883
   0.046391575098082   0.064688221640437   0.051608460520129
   0.482747578385492   0.461158886344627   0.416436831327265
   0.320515742194319   0.290327416118093   0.214226741569635


l =

    17


centers =

   0.712364692218286   0.661492928878836   0.575148869303828
   0.757129568203401   0.516637517156161   0.243890025019165
   0.857148784088253   0.833129019768676   0.790836022493170
   0.261618999645429   0.106925368307756   0.084957245822490
   0.127902402783015   0.177177056677292   0.122566681318839
   0.049719954175504   0.069741542006850   0.054352994152724
   0.487825725237968   0.466832243556639   0.422415530868079
   0.327906084444784   0.293965442596337   0.219290247395734


l =

    18


centers =

   0.715280511726066   0.663823360372656   0.576628174053684
   0.757926743696440   0.517367117123298   0.244333702981052
   0.857499792404391   0.833864236174931   0.792150905657686
   0.263483927646695   0.105471821107674   0.083277052802786
   0.136781800025519   0.184254080457989   0.129325802071898
   0.052484462025197   0.073927202190059   0.056621019583458
   0.492513183245590   0.472059896168490   0.427995063816813
   0.337524292685389   0.298839522437660   0.223197916973846


l =

    19


centers =

   0.718310229480351   0.666213423536748   0.578167676308180
   0.758709500335212   0.518166360869775   0.244906271414922
   0.857830041022550   0.834712407653199   0.793755424441028
   0.263960750934201   0.105199615366299   0.082949149017262
   0.143547549801358   0.190698439503305   0.135041561121995
   0.054909742355583   0.077161374339896   0.058482856797891
   0.496649698044773   0.477081889768594   0.433685126843683
   0.347690849560480   0.303888962098618   0.226573983031030


l =

    20


centers =

   0.721247024365987   0.668516584760092   0.579587588866314
   0.759963856852294   0.519392245921817   0.245733327395992
   0.858167749939626   0.835574190129774   0.795400497188559
   0.264014946641492   0.105157091795149   0.082895732161485
   0.149191948226751   0.196515500799109   0.139869830978185
   0.056807817802969   0.079721235787666   0.060041321050557
   0.500815090174602   0.481991850131685   0.439134662983319
   0.357754457916711   0.308566121989883   0.229801263346077


l =

    21


centers =

   0.723918146517157   0.670711261570799   0.581082942336040
   0.761398744448465   0.520861808147167   0.246843063530613
   0.858441701297665   0.836297721522650   0.796812816597492
   0.263926577392693   0.105133215864289   0.082926963618522
   0.154185599350956   0.201564032263767   0.144119700773674
   0.058338832875976   0.081863192429225   0.061324795095956
   0.504967327195055   0.486801185227690   0.444652174772115
   0.367105559336262   0.313041619917629   0.232682482918518


l =

    22


centers =

   0.726795718287244   0.673056937060499   0.582659206539767
   0.762646824392063   0.522107257058721   0.247737549347744
   0.858722000736370   0.837055517725499   0.798280982021419
   0.263902049623165   0.105199507359206   0.082934804352945
   0.158627314584712   0.205846045728806   0.147882847862324
   0.059695431264872   0.083733392922608   0.062467966917695
   0.508952183799136   0.491287666221874   0.449542331242358
   0.374722365645125   0.316941595206447   0.235296779104317


l =

    23


centers =

   0.729434525159950   0.675206878843034   0.584192576490625
   0.764027381545329   0.523485448836954   0.248692621775357
   0.859099696216379   0.837882467216989   0.799784780352062
   0.263949702867870   0.105296191032085   0.082923409155395
   0.162674376079810   0.209531043407223   0.151231942511681
   0.060781775589974   0.085313900173598   0.063396851418014
   0.512775482847471   0.495453953204266   0.454303437392105
   0.382082793440199   0.320901708610566   0.237840177344204


l =

    24


centers =

   0.731838592404965   0.677274660281155   0.585773718526088
   0.765378942139551   0.524793626597799   0.249564312284506
   0.859512877416937   0.838648893301020   0.801089912489451
   0.264035800429921   0.105582405454192   0.083025057503674
   0.166245018786965   0.212987622848994   0.154381264128031
   0.061750375799091   0.086645044813150   0.064204719374044
   0.516467274585909   0.499396561515616   0.458550518044210
   0.388928887684046   0.324473479714378   0.240304689617735


l =

    25


centers =

   0.734320285135620   0.679355293120829   0.587213748430645
   0.766598370220026   0.525983416441616   0.250393823791291
   0.859805233747555   0.839382284416161   0.802530075630013
   0.264091194549542   0.105746982066801   0.083074580851392
   0.169471915439735   0.215850935159975   0.157138237575492
   0.062587488419826   0.087840456167773   0.064905096698638
   0.519830356771200   0.502942425377812   0.462426002247970
   0.394790147088305   0.327738104002461   0.242383044164634


l =

    26


centers =

   0.736489933618133   0.681189711559120   0.588606129773320
   0.767638788094299   0.527016791014437   0.251115974746004
   0.860105637365278   0.840140627164040   0.803973434471631
   0.264155682297364   0.105878046587104   0.083101486832020
   0.172484458820789   0.218388110165895   0.159619823489408
   0.063389965237227   0.088955224723976   0.065577069965278
   0.522935667069762   0.506207084735438   0.465751418748778
   0.399700165793843   0.330699427614036   0.244449919201657


l =

    27


centers =

   0.738576104709772   0.683014433850325   0.590029925375970
   0.768643959615216   0.528024655454221   0.251795841935514
   0.860495303837132   0.840847193707926   0.805195235403122
   0.264252158114730   0.106003767650142   0.083098882794930
   0.175221612889774   0.220477044394689   0.161853297548916
   0.064034945921859   0.089947659154585   0.066111021306051
   0.526101765381528   0.509409789890010   0.468928142685593
   0.404061363253719   0.333434702735052   0.246401569212928


l =

    28


centers =

   0.740484930296519   0.684714134195554   0.591411207108558
   0.769373124390773   0.528747105103378   0.252293547086563
   0.860889547055988   0.841543635786438   0.806385089908822
   0.264371656319069   0.106155845041298   0.083116597788541
   0.177578918901066   0.222466042442067   0.163772296967588
   0.064626591498720   0.090748681049163   0.066617448487309
   0.528915064466393   0.512222951241104   0.471743125542180
   0.407809146897087   0.335792214186932   0.248162315900822


l =

    29


centers =

   0.742411099778179   0.686353639199998   0.592631789557946
   0.770176378849934   0.529510455745942   0.252766487535602
   0.861250262677077   0.842191616959955   0.807512770153310
   0.264448762361618   0.106263649842508   0.083135968355979
   0.179587152255712   0.224059076777081   0.165376584819074
   0.065107441668837   0.091444858794929   0.067037308825085
   0.531531961538550   0.514940248716627   0.474540797930381
   0.411206344745705   0.337918874167527   0.249634631614759


l =

    30


centers =

   0.744044526285270   0.687795814486851   0.593783715018507
   0.770887570985680   0.530186048943115   0.253185136995386
   0.861609381087167   0.842874538767867   0.808694517024444
   0.264579658635004   0.106380567975174   0.083120114187371
   0.181435407215082   0.225499845806690   0.166789278949282
   0.065511667448925   0.092053203188463   0.067411356199720
   0.533810188812111   0.517188369267835   0.476927523127965
   0.414184596634273   0.339864317732808   0.251177637885835


l =

    31


centers =

   0.745737182772354   0.689203576106104   0.594842359015258
   0.771653621321653   0.530888812475341   0.253607139873620
   0.861808180657609   0.843410847932741   0.809726633078968
   0.264672648720399   0.106505105894391   0.083139218707477
   0.183136835887550   0.226847059093763   0.168152342796902
   0.065884465546593   0.092597734857224   0.067729325112038
   0.536199229600045   0.519492890317347   0.479100507047900
   0.417095464680547   0.341735696388657   0.252607866124120


l =

    32


centers =

   0.747452629521476   0.690561482750522   0.595660346530965
   0.772287153048674   0.531518777332559   0.254029656777438
   0.861872511238440   0.843857061380119   0.810765423204501
   0.264723859666222   0.106622062814948   0.083177257567092
   0.184824380277182   0.228123814478707   0.169436857108720
   0.066252967215949   0.093149919170809   0.068036896125407
   0.538232680011987   0.521526596731692   0.481289461463437
   0.419793453372284   0.343460139373301   0.253759942254537


l =

    33


centers =

   0.749021753959894   0.691819309226263   0.596523903909172
   0.772789881083139   0.531986032769263   0.254321978853744
   0.862089834337695   0.844392081760789   0.811763245568372
   0.264818791979922   0.106749458686835   0.083182996488335
   0.186235304970114   0.229152660095351   0.170549166117186
   0.066567357369858   0.093562433872901   0.068307478900050
   0.540007600414397   0.523373930170211   0.483200836862798
   0.422093432653639   0.345048821446313   0.254801681883567


l =

    34


centers =

   0.750490023006887   0.693022296989052   0.597342853033112
   0.773173488168605   0.532346434257110   0.254554011833724
   0.862311516599657   0.844904157064409   0.812717618265390
   0.264870734268400   0.106853147554962   0.083199281376088
   0.187531712171682   0.230065722031331   0.171594323487193
   0.066847499923079   0.093991555842541   0.068554256567030
   0.541770937706251   0.525090422542138   0.484917764363718
   0.423920775571621   0.346446234045415   0.255855472038734


l =

    35


centers =

   0.751829465589471   0.694044747984609   0.597925156435716
   0.773480355401292   0.532634684466124   0.254737688126926
   0.862380944832675   0.845262573905775   0.813501143922850
   0.264903057244531   0.106955004401457   0.083221337744200
   0.188676082138599   0.230932442488925   0.172536889077816
   0.067104096610515   0.094380996847095   0.068772153470286
   0.543237610004691   0.526695473050432   0.486606656753022
   0.425679764993509   0.347660354464263   0.256783819518532


l =

    36


centers =

   0.753149158417493   0.695045113160897   0.598476505096813
   0.773942630031756   0.532991515487440   0.254881125423892
   0.862473333503200   0.845612458247179   0.814228222715089
   0.264921256835223   0.107022209867359   0.083232720893417
   0.189721510210574   0.231739701309914   0.173375862944298
   0.067332507996501   0.094703653595300   0.068974301380225
   0.544737156185130   0.528143212304054   0.488110481993252
   0.427360630165130   0.348789491346557   0.257540740576782


l =

    37


centers =

   0.754272256798858   0.695933294848346   0.598983966426197
   0.774237929225931   0.533306962570235   0.255103087051991
   0.862522562887930   0.845869337941826   0.814805521773361
   0.264962349388071   0.107104011769913   0.083247197941221
   0.190702742635435   0.232481505422586   0.174169086437922
   0.067564469144016   0.095035560589045   0.069182628731287
   0.546051520227758   0.529424464347321   0.489490341217171
   0.428747901794729   0.349800416874077   0.258239721100048


l =

    38


centers =

   0.755206374073353   0.696702892942477   0.599517816854855
   0.774551384372788   0.533606069563491   0.255310671002009
   0.862669040518185   0.846161773275647   0.815308343617074
   0.264965224190886   0.107160997587804   0.083265669428818
   0.191490108347508   0.233141010878529   0.174783414484290
   0.067766789507201   0.095284718874721   0.069348685813171
   0.547257215867414   0.530601112687302   0.490730892664899
   0.429952635791016   0.350725198256363   0.258984326434472


l =

    39


centers =

   0.756050958413706   0.697434810593525   0.600103612301623
   0.774884165066081   0.533970980352689   0.255571569071294
   0.862806164246477   0.846411392717974   0.815743685345524
   0.264981193037855   0.107210366225010   0.083268894265542
   0.192152881457070   0.233658906587220   0.175342510888407
   0.067920621076509   0.095500640673571   0.069489679232445
   0.548322636141123   0.531647648322086   0.491768475464615
   0.431061731121313   0.351453151884767   0.259410016470158


l =

    40


centers =

   0.756932508767615   0.698145199771295   0.600548345593175
   0.775067096081532   0.534157628429787   0.255724479807965
   0.862836397699478   0.846643766208024   0.816275729291020
   0.265010413232950   0.107269410566012   0.083279519143331
   0.192749360613730   0.234078458872936   0.175853889943002
   0.068040074925638   0.095717035280317   0.069606554278115
   0.549215876147159   0.532549659178742   0.492703396021255
   0.431856027562099   0.352060719162723   0.259864471412685


l =

    41


centers =

   0.757602556515479   0.698702489446435   0.600958377717304
   0.775234078930817   0.534364909433534   0.255877663958842
   0.862962999063082   0.846902220705919   0.816691305077589
   0.265023921593493   0.107298925681371   0.083280722053887
   0.193295502572218   0.234464814501147   0.176293411417714
   0.068166026931010   0.095899391125946   0.069714508603709
   0.549986938739750   0.533293252213983   0.493480536728050
   0.432553786521372   0.352575835797203   0.260247529809249


l =

    42


centers =

   0.758156551346317   0.699180642066121   0.601351501945470
   0.775485699546638   0.534637228713356   0.256099520600476
   0.863104270963590   0.847134873452834   0.817046481713164
   0.265092123916680   0.107348573339675   0.083275802683562
   0.193827101802375   0.234787437586417   0.176686240749433
   0.068286803892021   0.096071973405096   0.069813535814096
   0.550665100669188   0.533996192593838   0.494248146853099
   0.433382332256786   0.353223035193623   0.260651474242407


l =

    43


centers =

   0.758733265556179   0.699668399099218   0.601688092455541
   0.775602489432903   0.534754397826881   0.256189182670386
   0.863210612687773   0.847333642804589   0.817412122123406
   0.265120392580881   0.107398315264730   0.083293354239680
   0.194262198463415   0.235166868294068   0.177038591847283
   0.068382507711812   0.096195544739346   0.069892898694550
   0.551317450135063   0.534668238078948   0.494982321612376
   0.434049397088437   0.353689332976432   0.261058803298961


l =

    44


centers =

   0.759287806712068   0.700119063766892   0.601990847716592
   0.775664800006270   0.534847819724893   0.256256871445571
   0.863288746712700   0.847509169154837   0.817736319467799
   0.265121481342838   0.107430530876849   0.083310701705128
   0.194654613032050   0.235493402565785   0.177347441878032
   0.068466507300409   0.096303155647194   0.069958274018620
   0.551912789618506   0.535280121262347   0.495597094707867
   0.434626201627797   0.354060257800756   0.261403930032512


l =

    45


centers =

   0.759845669145990   0.700541048603678   0.602233535153068
   0.775897719216900   0.535059465111017   0.256373440105124
   0.863341477725410   0.847641191358094   0.817979402569333
   0.265109685093611   0.107437090126454   0.083310795940864
   0.195035302399654   0.235760951335738   0.177649129345436
   0.068555472552599   0.096435429050542   0.070022623615781
   0.552496735985578   0.535865753237590   0.496176525029710
   0.435265254195961   0.354397218077973   0.261571256414929


l =

    46


centers =

   0.760289098574498   0.700898971647772   0.602467471630315
   0.776170561266525   0.535288366964898   0.256515324576370
   0.863393465221985   0.847763122251997   0.818209335302912
   0.265098463088083   0.107443699758594   0.083314383739216
   0.195328277075133   0.235956457084535   0.177875902138827
   0.068610272006057   0.096521172660545   0.070069379243678
   0.553006203237358   0.536386033673641   0.496704091646225
   0.435881563560689   0.354786123793104   0.261746807139608


l =

    47


centers =

   0.760701582905617   0.701221796855869   0.602678050938572
   0.776232815249937   0.535363625096048   0.256566173371941
   0.863424130922345   0.847844586678170   0.818364413581886
   0.265084008246523   0.107475229296017   0.083330623088384
   0.195590496807906   0.236133398243867   0.178094596880764
   0.068655535628587   0.096585867006179   0.070107524688746
   0.553634368084805   0.536989869725450   0.497272755100924
   0.436241405176752   0.355196142623058   0.262153799879258


l =

    48


centers =

   0.761035433681999   0.701489594286779   0.602854348824680
   0.776230868522899   0.535377394966470   0.256586740267892
   0.863477933070988   0.847911453130006   0.818456936050491
   0.265093903643565   0.107508180834067   0.083339001060014
   0.195814164667655   0.236309858239893   0.178283551816312
   0.068703685310081   0.096668440939989   0.070157146289225
   0.554171340956307   0.537507091600344   0.497754466351520
   0.436488347734248   0.355476807725363   0.262516185611446


l =

    49


centers =

   0.761452609834950   0.701771056860452   0.602953044460076
   0.776213445944549   0.535379170879666   0.256598267213800
   0.863487034268230   0.847977002617149   0.818591971378597
   0.265115271406912   0.107543690577529   0.083351636311079
   0.196024201475056   0.236456325218815   0.178429643279259
   0.068750773949129   0.096744070065035   0.070202829812568
   0.554573472529671   0.537951868344719   0.498248620792558
   0.436674977481956   0.355717556895071   0.262791829194811


l =

    50


centers =

   0.761869610409522   0.702119424340366   0.603187557745628
   0.776243314155787   0.535392484089818   0.256588469310998
   0.863578042481156   0.848161619905849   0.818934647509961
   0.265128010768749   0.107574974001994   0.083358880099437
   0.196171130038162   0.236586364717964   0.178518813678376
   0.068776871926500   0.096777297511251   0.070227590355125
   0.554989351693354   0.538377599584352   0.498659415583129
   0.436913255004478   0.355952724339052   0.263126211582967


l =

    51


centers =

   0.762277984652137   0.702477194300817   0.603486088563695
   0.776242963562148   0.535415662877541   0.256623818502969
   0.863701324626979   0.848342197728457   0.819204825593075
   0.265168279237590   0.107602885018006   0.083355018882258
   0.196317485614125   0.236683343743443   0.178622353093278
   0.068805989119896   0.096811141051009   0.070253529242254
   0.555450618812424   0.538811660162215   0.499081115709456
   0.437092579012234   0.356193677919299   0.263405742368786


l =

    52


centers =

   0.762617981132581   0.702763847983889   0.603686470692780
   0.776300231835371   0.535467845477411   0.256656096240396
   0.863749248216371   0.848439114673061   0.819383000333298
   0.265171568627352   0.107623544341546   0.083364437145379
   0.196415340648405   0.236767663350749   0.178703321288926
   0.068820081711309   0.096837857275314   0.070268793567416
   0.555931301360301   0.539266647617583   0.499515032614272
   0.437308469308429   0.356452305863960   0.263713698066573


l =

    53


centers =

   0.762948609845959   0.703020946333888   0.603816873198553
   0.776363071911899   0.535518572849735   0.256685303490549
   0.863785364858340   0.848511560244909   0.819511600161353
   0.265165853197312   0.107642506380834   0.083373758028930
   0.196486201426700   0.236835920306191   0.178762460793931
   0.068836875684846   0.096859391592811   0.070287605410960
   0.556303333333387   0.539608039215742   0.499898235294113
   0.437450140264709   0.356630979515389   0.263876530492905


l =

    54


centers =

   0.763239424926787   0.703274583150930   0.604004749020108
   0.776421776968171   0.535592937843009   0.256753018956964
   0.863885316219950   0.848640423655494   0.819684923929833
   0.265170663159728   0.107667359951702   0.083372909652170
   0.196539979740536   0.236882602894520   0.178831505765126
   0.068854167460304   0.096883791295489   0.070299379196395
   0.556595027143953   0.539890758540780   0.500235403789959
   0.437592508973774   0.356779734457058   0.263990075211222


l =

    55


centers =

   0.763467789419264   0.703502149522867   0.604216291205925
   0.776463049427737   0.535653302146469   0.256813048485381
   0.863960548476627   0.848751510135338   0.819861701630524
   0.265172297595455   0.107674775154481   0.083374926481431
   0.196633550644166   0.236949087751133   0.178901728099516
   0.068870845847903   0.096912456553201   0.070318605235658
   0.556853159302285   0.540133183873227   0.500464422025413
   0.437718446292016   0.356892109897191   0.264101715287228


l =

    56


centers =

   0.763667943508919   0.703670558533736   0.604341102539659
   0.776523963157358   0.535724688580140   0.256875047124639
   0.863977826478048   0.848812482739485   0.819996926530634
   0.265193934037091   0.107704528587523   0.083378521001973
   0.196768924484856   0.237052769245809   0.179001195617014
   0.068904928837317   0.096952311110099   0.070345563758756
   0.557037862241880   0.540315152225905   0.500631183946282
   0.437910990207897   0.357033517789622   0.264212356571852


l =

    57


centers =

   0.763782780336033   0.703773397511161   0.604424462203466
   0.776545594709012   0.535747033722144   0.256886854321689
   0.864011356659389   0.848857926986127   0.820063357501807
   0.265192427324228   0.107715799070364   0.083381341506804
   0.196881672603948   0.237113569192689   0.179092311081663
   0.068918869214350   0.096989467427100   0.070357062379022
   0.557211116223733   0.540480705261083   0.500772453867198
   0.438033048894590   0.357143717261612   0.264334780157459


l =

    58


centers =

   0.763931265479524   0.703878175213996   0.604457642937684
   0.776566042640877   0.535771488900191   0.256912456799872
   0.864029918960083   0.848883389626369   0.820109242104945
   0.265192349759280   0.107716983852316   0.083379071709782
   0.196983334130067   0.237146188911176   0.179151761061254
   0.068930615377621   0.097021905349934   0.070367782834000
   0.557341689974527   0.540632898417070   0.500947834448686
   0.438130527391192   0.357237113966199   0.264408229912042


l =

    59


centers =

   0.764018222343858   0.703952994819071   0.604527310491601
   0.776582525312313   0.535793765858986   0.256936675171045
   0.864057791537555   0.848941845870549   0.820210526315702
   0.265187129618483   0.107715243805385   0.083377704530051
   0.197053556329846   0.237182547273022   0.179214244725104
   0.068945396591162   0.097052633624775   0.070377144759645
   0.557401853392277   0.540716637182705   0.501038383885714
   0.438226721386188   0.357296306429436   0.264441222070156


l =

    60


centers =

   0.764082297662199   0.704033904386873   0.604627101850568
   0.776608510921138   0.535835985120212   0.256987073965196
   0.864061068156871   0.848967705713721   0.820273529802340
   0.265183773813687   0.107713752336586   0.083377331662851
   0.197110977578184   0.237235565110685   0.179257866944379
   0.068959014762554   0.097068813952914   0.070387666452456
   0.557524604982941   0.540825235799841   0.501108761736296
   0.438325929330026   0.357350935165620   0.264499627976124


l =

    61


centers =

   0.764151202749061   0.704100586213819   0.604680169799898
   0.776656923269202   0.535907098392431   0.257052255169793
   0.864076702943467   0.848993145461501   0.820310603599022
   0.265176458160412   0.107717803648110   0.083381832530154
   0.197164097049835   0.237271887151684   0.179286802229216
   0.068969417305729   0.097087352398420   0.070398943819417
   0.557629253035535   0.540939450558724   0.501255581392170
   0.438402611462839   0.357422656736868   0.264572465907659


l =

    62


centers =

   0.764304110152189   0.704205820031260   0.604720580546278
   0.776673790657792   0.535931506495925   0.257070313197576
   0.864094282050827   0.849013353347629   0.820340065850814
   0.265168658025026   0.107710587166393   0.083375932060740
   0.197251407987808   0.237319096780183   0.179339389552949
   0.068983769135859   0.097107611967406   0.070412841809308
   0.557789966419501   0.541118129011033   0.501477076052828
   0.438513076450687   0.357529276927644   0.264660875966339


l =

    63


centers =

   0.764353820117971   0.704245223081966   0.604748065074064
   0.776717509902120   0.535952013036818   0.257061532919022
   0.864088933579018   0.849031227305647   0.820391933411455
   0.265165722750941   0.107711896319613   0.083377142452304
   0.197321135116390   0.237364042441270   0.179379244448254
   0.068999582955506   0.097130413346719   0.070426482829379
   0.557883887289848   0.541201262226282   0.501559237862100
   0.438608137259414   0.357638207839562   0.264773721683843


l =

    64


centers =

   0.764387396577043   0.704288143002824   0.604794125742799
   0.776747708448041   0.535972327680750   0.257071081533030
   0.864101231761756   0.849044303422540   0.820408158704212
   0.265168723635378   0.107718060130173   0.083378287779251
   0.197372307717830   0.237406616936235   0.179423899130271
   0.069008347651211   0.097141861113835   0.070434610487217
   0.557965960760945   0.541266843704333   0.501613540742554
   0.438695372264875   0.357709962729231   0.264825079244467


l =

    65


centers =

   0.764395168471930   0.704292838522652   0.604799307006054
   0.776789492443841   0.536000532168907   0.257077896225015
   0.864105332090550   0.849047992615398   0.820414015372392
   0.265169019632599   0.107720363004143   0.083379125146441
   0.197428763857510   0.237438086062448   0.179466733808665
   0.069021953763391   0.097166837125569   0.070448070775870
   0.558038375950010   0.541341097965061   0.501663361425437
   0.438773201552569   0.357784300074056   0.264898911989884


l =

    66


centers =

   0.764588290440582   0.704430701058609   0.604853383159884
   0.776797617274704   0.536020054604111   0.257097046413439
   0.864105332090550   0.849047992615398   0.820414015372392
   0.265168884142602   0.107734111608667   0.083384553643997
   0.197490445771437   0.237473938284099   0.179511850017613
   0.069025952822677   0.097182052820214   0.070452223231867
   0.558261578298835   0.541550454708587   0.501861146208671
   0.438853255640981   0.357855561107493   0.264982483732876


l =

    67


centers =

   0.764678287391701   0.704508286198662   0.604933167438941
   0.776810558130429   0.536023901154535   0.257090715565077
   0.864121436067902   0.849062415822991   0.820427565656514
   0.265172114532118   0.107736720769430   0.083382814203489
   0.197544459079672   0.237518268122891   0.179558152455434
   0.069037508309084   0.097200036441988   0.070462881418231
   0.558468724535004   0.541742403861580   0.501983788146395
   0.438949505755682   0.357945115505493   0.265110702348977


l =

    68


centers =

   0.764713187808575   0.704541233615445   0.604962514895030
   0.776815125482993   0.536026879862731   0.257092701370543
   0.864115634851320   0.849069913027836   0.820455876763390
   0.265191605159074   0.107742488630385   0.083378563085527
   0.197607138497651   0.237542306113071   0.179597911603731
   0.069052381054750   0.097217523969469   0.070469995348796
   0.558566850593868   0.541840012638953   0.502068644029776
   0.439034696396260   0.358047455727852   0.265232935792180


l =

    69


centers =

   0.764785964091457   0.704602994374735   0.604997555314092
   0.776818448507390   0.536043148969366   0.257117584515392
   0.864107965001376   0.849074838054644   0.820476545048313
   0.265214993049014   0.107766484912361   0.083382343623593
   0.197670662847228   0.237592805626596   0.179650890663509
   0.069059611114866   0.097230464886197   0.070478023919286
   0.558649016488113   0.541922293977311   0.502163180307918
   0.439141797428046   0.358130320997785   0.265314646370824


l =

    70


centers =

   0.764835718400318   0.704637291870254   0.605013231414497
   0.776835560797759   0.536052160496576   0.257117610323221
   0.864113633136327   0.849080096199878   0.820480619686918
   0.265211777003773   0.107772889636658   0.083386593574324
   0.197722646972060   0.237635408539981   0.179690782059878
   0.069071340106713   0.097242913160395   0.070486136579545
   0.558768822095957   0.542035599737536   0.502272840304364
   0.439219142843589   0.358228635673860   0.265426849901148


l =

    71


centers =

   0.764934381665323   0.704709281381817   0.605055608275758
   0.776843522501105   0.536057858427949   0.257119112583194
   0.864113487548192   0.849083342278427   0.820488720122999
   0.265201233160088   0.107776312095802   0.083389724824392
   0.197781060779379   0.237670086074662   0.179749613322440
   0.069077196899829   0.097264814831151   0.070493742711240
   0.558934958660100   0.542196589270679   0.502407866144517
   0.439299700404119   0.358309352027272   0.265508653728060


l =

    72


centers =

   0.764970193801198   0.704737274420297   0.605077219606227
   0.776843522501105   0.536057858427949   0.257119112583194
   0.864121102727181   0.849094872078668   0.820508106282409
   0.265202319605139   0.107782899059366   0.083390652770858
   0.197847313860006   0.237715854864958   0.179801465558197
   0.069091639922148   0.097293024694191   0.070506832640403
   0.559029583883143   0.542273347395406   0.502485818517983
   0.439350229405090   0.358382173398708   0.265600503263967


l =

    73


centers =

   0.765009268319180   0.704772757404241   0.605098998989002
   0.776866796551442   0.536079583256371   0.257132841995237
   0.864135958450814   0.849113905360103   0.820529341293165
   0.265200518106949   0.107792344881409   0.083392508311160
   0.197902426464436   0.237759793684839   0.179831397394477
   0.069102777314375   0.097312493786668   0.070520837019138
   0.559070541231916   0.542321716073956   0.502558761605799
   0.439417109324685   0.358433590383936   0.265653006984294


l =

    74


centers =

   0.765036638618187   0.704797836824694   0.605116716450957
   0.776881931865073   0.536092771792662   0.257142204531668
   0.864137235883573   0.849121299686557   0.820544213577397
   0.265197040878450   0.107790606267159   0.083396482286588
   0.197975521418679   0.237818020343218   0.179900503725833
   0.069113477507125   0.097326432935867   0.070525818369236
   0.559119104945457   0.542362673422732   0.502597768604628
   0.439544302232076   0.358491640024472   0.265667179503898


l =

    75


centers =

   0.765084139408152   0.704828962380962   0.605113957262180
   0.776927333069047   0.536153270771798   0.257188069006354
   0.864137235883573   0.849121299686557   0.820544213577397
   0.265198406932504   0.107791227200820   0.083395985539659
   0.198054967465904   0.237862698605909   0.179941531059036
   0.069126773301563   0.097349621202976   0.070542004084981
   0.559158482921908   0.542408662779071   0.502665590448171
   0.439658185878894   0.358531803408566   0.265661266825556


l =

    76


centers =

   0.765142607306509   0.704866421924784   0.605113850547925
   0.776961628879736   0.536193332101251   0.257218853893986
   0.864137235883573   0.849121299686557   0.820544213577397
   0.265190599212263   0.107795267817347   0.083400232579616
   0.198093552763443   0.237889112112634   0.179984247105245
   0.069130887636503   0.097360893943129   0.070546387490415
   0.559208008387264   0.542458132129869   0.502724870508723
   0.439743848564338   0.358559084518582   0.265630166360141


l =

    77


centers =

   0.765207215086808   0.704908516548579   0.605129946649941
   0.776969006829352   0.536200233906967   0.257222548473033
   0.864124047244899   0.849128366251686   0.820576151026406
   0.265190599212263   0.107795267817347   0.083400232579616
   0.198117358361118   0.237899752524971   0.180004774614523
   0.069134043758733   0.097371981554816   0.070547401407173
   0.559264508625302   0.542511974236813   0.502779036002098
   0.439779989161273   0.358584932767280   0.265651721642030


l =

    78


centers =

   0.765289443296129   0.704975822042371   0.605174196931888
   0.776969006829352   0.536200233906967   0.257222548473033
   0.864149992778363   0.849169300564310   0.820649086448861
   0.265190599212263   0.107795267817347   0.083400232579616
   0.198142970067996   0.237912475718259   0.180016975466007
   0.069137536084336   0.097380204926363   0.070551698417509
   0.559339074162329   0.542585476891122   0.502875576737076
   0.439804221563406   0.358633441785890   0.265705228727800


l =

    79


centers =

   0.765343731777393   0.705017607641117   0.605196941710741
   0.776985156233639   0.536211058342542   0.257222982447187
   0.864150617980688   0.849184462452927   0.820689701514516
   0.265192074423540   0.107807380534638   0.083405033006644
   0.198171230261937   0.237940100641934   0.180041089710147
   0.069142122138817   0.097387753452764   0.070555573794326
   0.559391488789863   0.542630259613585   0.502922770379631
   0.439849129878626   0.358679077361276   0.265748318892604


l =

    80


centers =

   0.765402706159241   0.705064802821795   0.605236361266584
   0.776984732672662   0.536214489850257   0.257232205673613
   0.864146010323581   0.849195702046726   0.820725122772972
   0.265192074423540   0.107807380534638   0.083405033006644
   0.198198427041699   0.237951156676651   0.180067904267679
   0.069145834727421   0.097395623556630   0.070555323376387
   0.559452460229429   0.542685709835130   0.502954417119379
   0.439881191035285   0.358706338750897   0.265769871726616


l =

    81


centers =

   0.765452389973149   0.705098039215645   0.605245108224068
   0.776984732672662   0.536214489850257   0.257232205673613
   0.864134967208118   0.849199083129908   0.820748329042423
   0.265202720318121   0.107815824822979   0.083405214688092
   0.198219462646046   0.237956386759772   0.180073584068789
   0.069148536818535   0.097402061786199   0.070558103048873
   0.559499447118058   0.542730575153071   0.502992765811642
   0.439891041272262   0.358737155253343   0.265818017831195


l =

    82


centers =

   0.765475168912917   0.705112251458875   0.605241090659295
   0.776984732672662   0.536214489850257   0.257232205673613
   0.864134967208118   0.849199083129908   0.820748329042423
   0.265206739253270   0.107820232781405   0.083406298668089
   0.198235189986696   0.237970142207967   0.180084346005987
   0.069155623105892   0.097411821932891   0.070565681098788
   0.559524233620034   0.542759114070109   0.503034762676472
   0.439899524349761   0.358755527433410   0.265842097224576


l =

    83


centers =

   0.765489804850650   0.705127446497530   0.605251905808693
   0.776984732672662   0.536214489850257   0.257232205673613
   0.864134967208118   0.849199083129908   0.820748329042423
   0.265214357981146   0.107824392181642   0.083404279090516
   0.198235189986696   0.237970142207967   0.180084346005987
   0.069155623105892   0.097411821932891   0.070565681098788
   0.559552449131383   0.542774060189942   0.503049979173716
   0.439897524291576   0.358768800546811   0.265857188572687


l =

    84


centers =

   0.765497759499426   0.705131716000018   0.605252828540197
   0.776984732672662   0.536214489850257   0.257232205673613
   0.864129668780720   0.849201446191781   0.820759373974063
   0.265214357981146   0.107824392181642   0.083404279090516
   0.198235189986696   0.237970142207967   0.180084346005987
   0.069155623105892   0.097411821932891   0.070565681098788
   0.559572256225816   0.542796181220758   0.503066548303190
   0.439901215446272   0.358782263136923   0.265885697872628


l =

    85


centers =

   0.765507865794834   0.705139377223951   0.605255925630725
   0.776984732672662   0.536214489850257   0.257232205673613
   0.864127955181962   0.849204033613357   0.820768627450896
   0.265214357981146   0.107824392181642   0.083404279090516
   0.198243922484835   0.237973840012068   0.180087699752183
   0.069155623105892   0.097411821932891   0.070565681098788
   0.559576793735667   0.542799994160043   0.503070581421938
   0.439912187406217   0.358788622542087   0.265889261592374


l =

    86


centers =

   0.765514644760565   0.705146610597647   0.605262823333840
   0.776984732672662   0.536214489850257   0.257232205673613
   0.864129906162835   0.849210554035218   0.820783775848806
   0.265214357981146   0.107824392181642   0.083404279090516
   0.198249212944082   0.237978056154215   0.180091704587586
   0.069157956744890   0.097415299166823   0.070567954220276
   0.559576793735667   0.542799994160043   0.503070581421938
   0.439912187406217   0.358788622542087   0.265889261592374


l =

    87


centers =

   0.765516336609781   0.705154850869367   0.605278790234480
   0.776984732672662   0.536214489850257   0.257232205673613
   0.864144489461864   0.849223923922151   0.820798771637748
   0.265214357981146   0.107824392181642   0.083404279090516
   0.198252899800260   0.237979261949694   0.180093637794940
   0.069158492349069   0.097417584660041   0.070569132783865
   0.559576793735667   0.542799994160043   0.503070581421938
   0.439912187406217   0.358788622542087   0.265889261592374


l =

    88


centers =

   0.765517769607762   0.705158466312009   0.605283133865262
   0.776984732672662   0.536214489850257   0.257232205673613
   0.864148156118402   0.849227186015508   0.820805116375950
   0.265214357981146   0.107824392181642   0.083404279090516
   0.198252899800260   0.237979261949694   0.180093637794940
   0.069158492349069   0.097417584660041   0.070569132783865
   0.559576793735667   0.542799994160043   0.503070581421938
   0.439912187406217   0.358788622542087   0.265889261592374


l =

    89


centers =

   0.765530549348734   0.705164925250249   0.605279335572661
   0.776984732672662   0.536214489850257   0.257232205673613
   0.864148156118402   0.849227186015508   0.820805116375950
   0.265214357981146   0.107824392181642   0.083404279090516
   0.198252899800260   0.237979261949694   0.180093637794940
   0.069158492349069   0.097417584660041   0.070569132783865
   0.559581974448639   0.542808397494153   0.503085264482517
   0.439912187406217   0.358788622542087   0.265889261592374


l =

    90


centers =

   0.765530549348734   0.705164925250249   0.605279335572661
   0.776984732672662   0.536214489850257   0.257232205673613
   0.864148156118402   0.849227186015508   0.820805116375950
   0.265214357981146   0.107824392181642   0.083404279090516
   0.198252899800260   0.237979261949694   0.180093637794940
   0.069158492349069   0.097417584660041   0.070569132783865
   0.559587949147746   0.542814512879558   0.503088434817980
   0.439912155117443   0.358791442032170   0.265897296751835


l =

    91


centers =

   0.765549233950115   0.705174615671067   0.605274614937637
   0.776984732672662   0.536214489850257   0.257232205673613
   0.864148156118402   0.849227186015508   0.820805116375950
   0.265214357981146   0.107824392181642   0.083404279090516
   0.198252899800260   0.237979261949694   0.180093637794940
   0.069158492349069   0.097417584660041   0.070569132783865
   0.559596301670256   0.542827114467854   0.503109286793774
   0.439912155117443   0.358791442032170   0.265897296751835


l =

    92


centers =

   0.765563195680583   0.705184145490542   0.605279674224215
   0.776984732672662   0.536214489850257   0.257232205673613
   0.864148156118402   0.849227186015508   0.820805116375950
   0.265214357981146   0.107824392181642   0.083404279090516
   0.198252899800260   0.237979261949694   0.180093637794940
   0.069158492349069   0.097417584660041   0.070569132783865
   0.559615627888929   0.542849413710947   0.503130248625498
   0.439918271114090   0.358799625166783   0.265908274958734


l =

    93


centers =

   0.765573211907114   0.705190934775796   0.605280928368704
   0.776984732672662   0.536214489850257   0.257232205673613
   0.864148156118402   0.849227186015508   0.820805116375950
   0.265214357981146   0.107824392181642   0.083404279090516
   0.198252899800260   0.237979261949694   0.180093637794940
   0.069158492349069   0.097417584660041   0.070569132783865
   0.559633727436441   0.542867902496040   0.503147764316642
   0.439920387158300   0.358806897961852   0.265921977597459


l =

    94


centers =

   0.765604085945671   0.705210983262189   0.605283550545986
   0.776984732672662   0.536214489850257   0.257232205673613
   0.864148156118402   0.849227186015508   0.820805116375950
   0.265214357981146   0.107824392181642   0.083404279090516
   0.198252899800260   0.237979261949694   0.180093637794940
   0.069158492349069   0.097417584660041   0.070569132783865
   0.559663003876869   0.542898419601082   0.503178795705822
   0.439921445033294   0.358809715951522   0.265929464110381


l =

    95


centers =

   0.765660500472978   0.705245342729395   0.605285471925895
   0.776984732672662   0.536214489850257   0.257232205673613
   0.864142183483926   0.849228655047363   0.820817066322243
   0.265214357981146   0.107824392181642   0.083404279090516
   0.198252899800260   0.237979261949694   0.180093637794940
   0.069158492349069   0.097417584660041   0.070569132783865
   0.559718137254955   0.542954209461616   0.503241518829749
   0.439924585218663   0.358826618691845   0.265955587054029


l =

    96


centers =

   0.765743877444372   0.705298164538739   0.605294085010852
   0.776978199926209   0.536206487054799   0.257224969963596
   0.864133230193052   0.849233960021884   0.820848215787088
   0.265214357981146   0.107824392181642   0.083404279090516
   0.198257682254979   0.237980971818622   0.180094342569668
   0.069158492349069   0.097417584660041   0.070569132783865
   0.559783020793893   0.543015544343716   0.503293573254782
   0.439929095218976   0.358836340244710   0.265974336539606


l =

    97


centers =

   0.765822415162835   0.705360303702097   0.605332243555562
   0.776978199926209   0.536206487054799   0.257224969963596
   0.864139568174109   0.849272923495893   0.820941732912325
   0.265214357981146   0.107824392181642   0.083404279090516
   0.198257682254979   0.237980971818622   0.180094342569668
   0.069158492349069   0.097417584660041   0.070569132783865
   0.559835321337317   0.543073483235684   0.503350540017690
   0.439932893526112   0.358857772969637   0.266017038213742


l =

    98


centers =

   0.765860436804992   0.705400948611271   0.605374756952024
   0.776977180493062   0.536210713760461   0.257233795606161
   0.864159331257428   0.849288787904200   0.820952733596930
   0.265214357981146   0.107824392181642   0.083404279090516
   0.198257682254979   0.237980971818622   0.180094342569668
   0.069158492349069   0.097417584660041   0.070569132783865
   0.559893286682759   0.543127050076586   0.503399761887406
   0.439942568662830   0.358875384714466   0.266039317398881


l =

    99


centers =

   0.765940852380671   0.705454587013996   0.605381523940622
   0.776977180493062   0.536210713760461   0.257233795606161
   0.864163981852001   0.849296449536058   0.820965904818888
   0.265214357981146   0.107824392181642   0.083404279090516
   0.198263436224796   0.237981432040258   0.180094075440767
   0.069158492349069   0.097417584660041   0.070569132783865
   0.559958853253035   0.543198061945526   0.503487371367842
   0.439951037146168   0.358892269916697   0.266062621964385


l =

   100


centers =

   0.766111413323052   0.705574423387573   0.605403060999475
   0.776977180493062   0.536210713760461   0.257233795606161
   0.864180596072932   0.849334240625495   0.821045362366598
   0.265214357981146   0.107824392181642   0.083404279090516
   0.198263436224796   0.237981432040258   0.180094075440767
   0.069158492349069   0.097417584660041   0.070569132783865
   0.560050341708472   0.543308715578137   0.503647639092250
   0.439958016916674   0.358904154363980   0.266080501472605


l =

   101


centers =

   0.766232189542396   0.705671732026100   0.605456535947724
   0.776969801755340   0.536208580629835   0.257238446992784
   0.864189815516950   0.849371629919427   0.821128515585850
   0.265214357981146   0.107824392181642   0.083404279090516
   0.198269328618542   0.237982308723304   0.180092836511456
   0.069158492349069   0.097417584660041   0.070569132783865
   0.560178771686834   0.543433526191055   0.503771395754022
   0.439969652583757   0.358950581991450   0.266161723413724


l =

   102


centers =

   0.766314047613709   0.705744837233520   0.605519105444811
   0.776978122758118   0.536223537758050   0.257252636536461
   0.864205572187499   0.849386187303811   0.821142262498677
   0.265220813238145   0.107826130135450   0.083400306624670
   0.198272582893174   0.237980408815940   0.180092014149115
   0.069158492349069   0.097417584660041   0.070569132783865
   0.560332160761668   0.543572047209398   0.503883258798890
   0.439984617742706   0.359009912304692   0.266263789386353


l =

   103


centers =

   0.766442892617006   0.705839479960522   0.605574142029037
   0.776983289515201   0.536212806801035   0.257234751608093
   0.864199920637754   0.849400793396443   0.821186092966023
   0.265234638060755   0.107834509828700   0.083399652792611
   0.198272582893174   0.237980408815940   0.180092014149115
   0.069160542634250   0.097417934600077   0.070569890545767
   0.560518493959487   0.543730550659946   0.504014634628690
   0.439987635755111   0.359090665992141   0.266389468273947


l =

   104


centers =

   0.766585850943625   0.705932791122833   0.605593561598873
   0.776975911215712   0.536208090532883   0.257232248866041
   0.864199663120098   0.849417431842472   0.821226125500006
   0.265244738057194   0.107841647674468   0.083401729899317
   0.198269328618542   0.237982308723304   0.180092836511456
   0.069162676979857   0.097417947931431   0.070569638494158
   0.560658567774987   0.543866542664546   0.504165891653102
   0.439980317850367   0.359130360712428   0.266463501936432


l =

   105


centers =

   0.766659458503009   0.705977205820874   0.605596319904872
   0.776947597520136   0.536164793694962   0.257190453059423
   0.864192407864619   0.849421975718392   0.821246778133052
   0.265251689432326   0.107845619888829   0.083402350557810
   0.198292061152015   0.237984981964800   0.180091490774849
   0.069164727087260   0.097418718581705   0.070570059626248
   0.560739374040607   0.543940648623046   0.504253289362175
   0.439957403807337   0.359185415788570   0.266564254543900


l =

   106


centers =

   0.766755707588545   0.706020460571705   0.605574600646976
   0.776885235804668   0.536093213250436   0.257129375207312
   0.864195214570344   0.849436465728929   0.821276624463375
   0.265273712979213   0.107862623464326   0.083401969472395
   0.198300787769812   0.237988122725726   0.180095676114141
   0.069164727087260   0.097418718581705   0.070570059626248
   0.560839326098483   0.544034402103695   0.504334258277275
   0.439932208612550   0.359247044322582   0.266698931016757


l =

   107


centers =

   0.766836977225185   0.706067416098649   0.605573531870551
   0.776839483070412   0.536047104115936   0.257100033671275
   0.864195214570344   0.849436465728929   0.821276624463375
   0.265285591418570   0.107871433908029   0.083400537884589
   0.198307052812905   0.237992200171895   0.180098708981945
   0.069166471034154   0.097422279215026   0.070572921268198
   0.560943113047738   0.544141757443770   0.504444444444445
   0.439907461274517   0.359288216626769   0.266792806409860


l =

   108


centers =

   0.766905410767665   0.706110602796013   0.605584414732621
   0.776815843606017   0.536022272745771   0.257081360480911
   0.864204155557695   0.849445513144927   0.821286940478917
   0.265295849010140   0.107878074798564   0.083401688048034
   0.198310999325319   0.237993909159210   0.180101773117499
   0.069170739013040   0.097421296015777   0.070573258482894
   0.561054285905237   0.544248420885518   0.504546823420948
   0.439915869336564   0.359346447499289   0.266888406399585


l =

   109


centers =

   0.767011278426695   0.706176843828730   0.605586959713820
   0.776815843606017   0.536022272745771   0.257081360480911
   0.864195180568243   0.849453799996987   0.821316033155588
   0.265301520462514   0.107884774214077   0.083401621669549
   0.198330748331814   0.238000562107603   0.180104440997702
   0.069170739013040   0.097421296015777   0.070573258482894
   0.561136772956114   0.544331764589808   0.504647487542468
   0.439932569165484   0.359383882907198   0.266942042454904


l =

   110


centers =

   0.767104849557670   0.706229189595512   0.605584841613198
   0.776809158075701   0.535998776062067   0.257049216808818
   0.864188737586053   0.849455737763857   0.821327833325370
   0.265304704070277   0.107884713477722   0.083400786100845
   0.198347082206596   0.238008089041815   0.180114195789711
   0.069172788727542   0.097421561686046   0.070574100180056
   0.561243535543801   0.544426809346590   0.504718823355316
   0.439959891195319   0.359414563626417   0.266980435635170


l =

   111


centers =

   0.767188869097833   0.706298866658902   0.605622935189928
   0.776809158075701   0.535998776062067   0.257049216808818
   0.864195513480492   0.849466504158825   0.821348161602844
   0.265304704070277   0.107884713477722   0.083400786100845
   0.198362521004359   0.238018346536030   0.180133096335199
   0.069174670082539   0.097423005245812   0.070574773569546
   0.561337937846855   0.544507300628196   0.504787862796318
   0.439991630025344   0.359438595728299   0.266994400088338


l =

   112


centers =

   0.767241300005169   0.706333780160817   0.605636104978198
   0.776804224603392   0.535986726081352   0.257033537509190
   0.864190727665734   0.849471958004168   0.821367045182033
   0.265297263489332   0.107888494469287   0.083405650478881
   0.198363734891946   0.238027933491857   0.180137925866335
   0.069174670082539   0.097423005245812   0.070574773569546
   0.561416681403281   0.544569648863985   0.504821320376752
   0.439991813084719   0.359455751262562   0.267032179829509


l =

   113


centers =

   0.767300380852778   0.706370823844831   0.605642471501777
   0.776786125881185   0.535963144885026   0.257010976259107
   0.864186924051863   0.849480028548246   0.821393915241979
   0.265299831922041   0.107894447846489   0.083408934247332
   0.198370592398239   0.238035746499498   0.180143485561172
   0.069174670082539   0.097423005245812   0.070574773569546
   0.561475718699871   0.544629244227558   0.504873844679288
   0.439992356464049   0.359482195723309   0.267090683670746


l =

   114


centers =

   0.767356461206881   0.706424199408659   0.605693495295825
   0.776778559627677   0.535956653523235   0.257008087726085
   0.864213123930603   0.849516420963148   0.821449577016083
   0.265304342215211   0.107898727140472   0.083409769426022
   0.198383138684077   0.238038979789834   0.180147934762098
   0.069176298954890   0.097425205949396   0.070574773858356
   0.561542117832603   0.544694984813056   0.504926113133467
   0.439998442456426   0.359514915743117   0.267151135150337


l =

   115


centers =

   0.767394343177411   0.706466629543623   0.605742566776247
   0.776778559627677   0.535956653523235   0.257008087726085
   0.864233716474986   0.849549470362770   0.821510029298989
   0.265309100384244   0.107903378405577   0.083409860068021
   0.198397878823117   0.238042018392319   0.180151984371372
   0.069176298954890   0.097425205949396   0.070574773858356
   0.561589302880602   0.544734383529276   0.504956209633389
   0.440017603051157   0.359554454459233   0.267198561330806


l =

   116


centers =

   0.767426943964481   0.706491889143230   0.605758227711900
   0.776778559627677   0.535956653523235   0.257008087726085
   0.864228167271167   0.849551416635305   0.821521408149356
   0.265309100384244   0.107903378405577   0.083409860068021
   0.198424102162722   0.238061859331808   0.180162112962859
   0.069182813745431   0.097428371327024   0.070582009914299
   0.561631687851078   0.544772304428772   0.504984746879335
   0.440044987652807   0.359582288556555   0.267223760145467


l =

   117


centers =

   0.767450339586040   0.706509521309631   0.605775305471440
   0.776782915010109   0.535964070500014   0.257015530905785
   0.864222251526239   0.849556887766226   0.821540788528927
   0.265305707145439   0.107898975309605   0.083408404495795
   0.198434036601505   0.238066813605723   0.180165573641901
   0.069186070721446   0.097431594213451   0.070583524397985
   0.561647831546462   0.544790302327879   0.505000096590359
   0.440047484773866   0.359586871600836   0.267229167458912


l =

   118


centers =

   0.767454611626275   0.706516093679220   0.605786642808982
   0.776774142280969   0.535966187893590   0.257029421697696
   0.864223238156959   0.849561539952752   0.821547437093861
   0.265304919550228   0.107896557350861   0.083406080212005
   0.198437283206438   0.238064911784037   0.180164749171602
   0.069186070721446   0.097431594213451   0.070583524397985
   0.561651973825353   0.544796454398152   0.505011408445532
   0.440045816525604   0.359591635314825   0.267236566295807


l =

   119


centers =

   0.767462516350738   0.706525211492529   0.605797230055300
   0.776775318809904   0.535972212703524   0.257037458618460
   0.864223238156959   0.849561539952752   0.821547437093861
   0.265304919550228   0.107896557350861   0.083406080212005
   0.198437283206438   0.238064911784037   0.180164749171602
   0.069186070721446   0.097431594213451   0.070583524397985
   0.561662363354185   0.544809219810937   0.505024781477689
   0.440050486393263   0.359595493165749   0.267241429264652


l =

   120


centers =

   0.767462516350738   0.706525211492529   0.605797230055300
   0.776775318809904   0.535972212703524   0.257037458618460
   0.864223238156959   0.849561539952752   0.821547437093861
   0.265304919550228   0.107896557350861   0.083406080212005
   0.198437283206438   0.238064911784037   0.180164749171602
   0.069186070721446   0.097431594213451   0.070583524397985
   0.561662363354185   0.544809219810937   0.505024781477689
   0.440050486393263   0.359595493165749   0.267241429264652


l =

   121


centers =

   0.767462516350738   0.706525211492529   0.605797230055300
   0.776775318809904   0.535972212703524   0.257037458618460
   0.864223238156959   0.849561539952752   0.821547437093861
   0.265304919550228   0.107896557350861   0.083406080212005
   0.198437283206438   0.238064911784037   0.180164749171602
   0.069186070721446   0.097431594213451   0.070583524397985
   0.561662363354185   0.544809219810937   0.505024781477689
   0.440050486393263   0.359595493165749   0.267241429264652


l =

   122


centers =

   0.767462516350738   0.706525211492529   0.605797230055300
   0.776775318809904   0.535972212703524   0.257037458618460
   0.864223238156959   0.849561539952752   0.821547437093861
   0.265304919550228   0.107896557350861   0.083406080212005
   0.198437283206438   0.238064911784037   0.180164749171602
   0.069186070721446   0.097431594213451   0.070583524397985
   0.561662363354185   0.544809219810937   0.505024781477689
   0.440050486393263   0.359595493165749   0.267241429264652


l =

   123


centers =

   0.767462516350738   0.706525211492529   0.605797230055300
   0.776775318809904   0.535972212703524   0.257037458618460
   0.864223238156959   0.849561539952752   0.821547437093861
   0.265304919550228   0.107896557350861   0.083406080212005
   0.198437283206438   0.238064911784037   0.180164749171602
   0.069186070721446   0.097431594213451   0.070583524397985
   0.561662363354185   0.544809219810937   0.505024781477689
   0.440050486393263   0.359595493165749   0.267241429264652


l =

   124


centers =

   0.767462516350738   0.706525211492529   0.605797230055300
   0.776775318809904   0.535972212703524   0.257037458618460
   0.864223238156959   0.849561539952752   0.821547437093861
   0.265304919550228   0.107896557350861   0.083406080212005
   0.198437283206438   0.238064911784037   0.180164749171602
   0.069186070721446   0.097431594213451   0.070583524397985
   0.561662363354185   0.544809219810937   0.505024781477689
   0.440050486393263   0.359595493165749   0.267241429264652


l =

   125


centers =

   0.767462516350738   0.706525211492529   0.605797230055300
   0.776775318809904   0.535972212703524   0.257037458618460
   0.864223238156959   0.849561539952752   0.821547437093861
   0.265304919550228   0.107896557350861   0.083406080212005
   0.198437283206438   0.238064911784037   0.180164749171602
   0.069186070721446   0.097431594213451   0.070583524397985
   0.561662363354185   0.544809219810937   0.505024781477689
   0.440050486393263   0.359595493165749   0.267241429264652


l =

   126


centers =

   0.767462516350738   0.706525211492529   0.605797230055300
   0.776775318809904   0.535972212703524   0.257037458618460
   0.864223238156959   0.849561539952752   0.821547437093861
   0.265304919550228   0.107896557350861   0.083406080212005
   0.198437283206438   0.238064911784037   0.180164749171602
   0.069186070721446   0.097431594213451   0.070583524397985
   0.561662363354185   0.544809219810937   0.505024781477689
   0.440050486393263   0.359595493165749   0.267241429264652


l =

   127


centers =

   0.767462516350738   0.706525211492529   0.605797230055300
   0.776775318809904   0.535972212703524   0.257037458618460
   0.864223238156959   0.849561539952752   0.821547437093861
   0.265304919550228   0.107896557350861   0.083406080212005
   0.198437283206438   0.238064911784037   0.180164749171602
   0.069186070721446   0.097431594213451   0.070583524397985
   0.561662363354185   0.544809219810937   0.505024781477689
   0.440050486393263   0.359595493165749   0.267241429264652


l =

   128


centers =

   0.767462516350738   0.706525211492529   0.605797230055300
   0.776775318809904   0.535972212703524   0.257037458618460
   0.864223238156959   0.849561539952752   0.821547437093861
   0.265304919550228   0.107896557350861   0.083406080212005
   0.198437283206438   0.238064911784037   0.180164749171602
   0.069186070721446   0.097431594213451   0.070583524397985
   0.561662363354185   0.544809219810937   0.505024781477689
   0.440050486393263   0.359595493165749   0.267241429264652


l =

   129


centers =

   0.767462516350738   0.706525211492529   0.605797230055300
   0.776775318809904   0.535972212703524   0.257037458618460
   0.864223238156959   0.849561539952752   0.821547437093861
   0.265304919550228   0.107896557350861   0.083406080212005
   0.198437283206438   0.238064911784037   0.180164749171602
   0.069186070721446   0.097431594213451   0.070583524397985
   0.561662363354185   0.544809219810937   0.505024781477689
   0.440050486393263   0.359595493165749   0.267241429264652


l =

   130


centers =

   0.767462516350738   0.706525211492529   0.605797230055300
   0.776775318809904   0.535972212703524   0.257037458618460
   0.864223238156959   0.849561539952752   0.821547437093861
   0.265304919550228   0.107896557350861   0.083406080212005
   0.198437283206438   0.238064911784037   0.180164749171602
   0.069186070721446   0.097431594213451   0.070583524397985
   0.561662363354185   0.544809219810937   0.505024781477689
   0.440050486393263   0.359595493165749   0.267241429264652


l =

   131


centers =

   0.767462516350738   0.706525211492529   0.605797230055300
   0.776775318809904   0.535972212703524   0.257037458618460
   0.864223238156959   0.849561539952752   0.821547437093861
   0.265304919550228   0.107896557350861   0.083406080212005
   0.198437283206438   0.238064911784037   0.180164749171602
   0.069186070721446   0.097431594213451   0.070583524397985
   0.561662363354185   0.544809219810937   0.505024781477689
   0.440050486393263   0.359595493165749   0.267241429264652


l =

   132


centers =

   0.767462516350738   0.706525211492529   0.605797230055300
   0.776775318809904   0.535972212703524   0.257037458618460
   0.864223238156959   0.849561539952752   0.821547437093861
   0.265304919550228   0.107896557350861   0.083406080212005
   0.198437283206438   0.238064911784037   0.180164749171602
   0.069186070721446   0.097431594213451   0.070583524397985
   0.561662363354185   0.544809219810937   0.505024781477689
   0.440050486393263   0.359595493165749   0.267241429264652


l =

   133


centers =

   0.767462516350738   0.706525211492529   0.605797230055300
   0.776775318809904   0.535972212703524   0.257037458618460
   0.864223238156959   0.849561539952752   0.821547437093861
   0.265304919550228   0.107896557350861   0.083406080212005
   0.198437283206438   0.238064911784037   0.180164749171602
   0.069186070721446   0.097431594213451   0.070583524397985
   0.561662363354185   0.544809219810937   0.505024781477689
   0.440050486393263   0.359595493165749   0.267241429264652


l =

   134


centers =

   0.767462516350738   0.706525211492529   0.605797230055300
   0.776775318809904   0.535972212703524   0.257037458618460
   0.864223238156959   0.849561539952752   0.821547437093861
   0.265304919550228   0.107896557350861   0.083406080212005
   0.198437283206438   0.238064911784037   0.180164749171602
   0.069186070721446   0.097431594213451   0.070583524397985
   0.561662363354185   0.544809219810937   0.505024781477689
   0.440050486393263   0.359595493165749   0.267241429264652


l =

   135


centers =

   0.767462516350738   0.706525211492529   0.605797230055300
   0.776775318809904   0.535972212703524   0.257037458618460
   0.864223238156959   0.849561539952752   0.821547437093861
   0.265304919550228   0.107896557350861   0.083406080212005
   0.198437283206438   0.238064911784037   0.180164749171602
   0.069186070721446   0.097431594213451   0.070583524397985
   0.561662363354185   0.544809219810937   0.505024781477689
   0.440050486393263   0.359595493165749   0.267241429264652


l =

   136


centers =

   0.767462516350738   0.706525211492529   0.605797230055300
   0.776775318809904   0.535972212703524   0.257037458618460
   0.864223238156959   0.849561539952752   0.821547437093861
   0.265304919550228   0.107896557350861   0.083406080212005
   0.198437283206438   0.238064911784037   0.180164749171602
   0.069186070721446   0.097431594213451   0.070583524397985
   0.561662363354185   0.544809219810937   0.505024781477689
   0.440050486393263   0.359595493165749   0.267241429264652


l =

   137


centers =

   0.767462516350738   0.706525211492529   0.605797230055300
   0.776775318809904   0.535972212703524   0.257037458618460
   0.864223238156959   0.849561539952752   0.821547437093861
   0.265304919550228   0.107896557350861   0.083406080212005
   0.198437283206438   0.238064911784037   0.180164749171602
   0.069186070721446   0.097431594213451   0.070583524397985
   0.561662363354185   0.544809219810937   0.505024781477689
   0.440050486393263   0.359595493165749   0.267241429264652


l =

   138


centers =

   0.767462516350738   0.706525211492529   0.605797230055300
   0.776775318809904   0.535972212703524   0.257037458618460
   0.864223238156959   0.849561539952752   0.821547437093861
   0.265304919550228   0.107896557350861   0.083406080212005
   0.198437283206438   0.238064911784037   0.180164749171602
   0.069186070721446   0.097431594213451   0.070583524397985
   0.561662363354185   0.544809219810937   0.505024781477689
   0.440050486393263   0.359595493165749   0.267241429264652


l =

   139


centers =

   0.767462516350738   0.706525211492529   0.605797230055300
   0.776775318809904   0.535972212703524   0.257037458618460
   0.864223238156959   0.849561539952752   0.821547437093861
   0.265304919550228   0.107896557350861   0.083406080212005
   0.198437283206438   0.238064911784037   0.180164749171602
   0.069186070721446   0.097431594213451   0.070583524397985
   0.561662363354185   0.544809219810937   0.505024781477689
   0.440050486393263   0.359595493165749   0.267241429264652


l =

   140


centers =

   0.767462516350738   0.706525211492529   0.605797230055300
   0.776775318809904   0.535972212703524   0.257037458618460
   0.864223238156959   0.849561539952752   0.821547437093861
   0.265304919550228   0.107896557350861   0.083406080212005
   0.198437283206438   0.238064911784037   0.180164749171602
   0.069186070721446   0.097431594213451   0.070583524397985
   0.561662363354185   0.544809219810937   0.505024781477689
   0.440050486393263   0.359595493165749   0.267241429264652


l =

   141


centers =

   0.767462516350738   0.706525211492529   0.605797230055300
   0.776775318809904   0.535972212703524   0.257037458618460
   0.864223238156959   0.849561539952752   0.821547437093861
   0.265304919550228   0.107896557350861   0.083406080212005
   0.198437283206438   0.238064911784037   0.180164749171602
   0.069186070721446   0.097431594213451   0.070583524397985
   0.561662363354185   0.544809219810937   0.505024781477689
   0.440050486393263   0.359595493165749   0.267241429264652


l =

   142


centers =

   0.767462516350738   0.706525211492529   0.605797230055300
   0.776775318809904   0.535972212703524   0.257037458618460
   0.864223238156959   0.849561539952752   0.821547437093861
   0.265304919550228   0.107896557350861   0.083406080212005
   0.198437283206438   0.238064911784037   0.180164749171602
   0.069186070721446   0.097431594213451   0.070583524397985
   0.561662363354185   0.544809219810937   0.505024781477689
   0.440050486393263   0.359595493165749   0.267241429264652


l =

   143


centers =

   0.767462516350738   0.706525211492529   0.605797230055300
   0.776775318809904   0.535972212703524   0.257037458618460
   0.864223238156959   0.849561539952752   0.821547437093861
   0.265304919550228   0.107896557350861   0.083406080212005
   0.198437283206438   0.238064911784037   0.180164749171602
   0.069186070721446   0.097431594213451   0.070583524397985
   0.561662363354185   0.544809219810937   0.505024781477689
   0.440050486393263   0.359595493165749   0.267241429264652


l =

   144


centers =

   0.767462516350738   0.706525211492529   0.605797230055300
   0.776775318809904   0.535972212703524   0.257037458618460
   0.864223238156959   0.849561539952752   0.821547437093861
   0.265304919550228   0.107896557350861   0.083406080212005
   0.198437283206438   0.238064911784037   0.180164749171602
   0.069186070721446   0.097431594213451   0.070583524397985
   0.561662363354185   0.544809219810937   0.505024781477689
   0.440050486393263   0.359595493165749   0.267241429264652


l =

   145


centers =

   0.767462516350738   0.706525211492529   0.605797230055300
   0.776775318809904   0.535972212703524   0.257037458618460
   0.864223238156959   0.849561539952752   0.821547437093861
   0.265304919550228   0.107896557350861   0.083406080212005
   0.198437283206438   0.238064911784037   0.180164749171602
   0.069186070721446   0.097431594213451   0.070583524397985
   0.561662363354185   0.544809219810937   0.505024781477689
   0.440050486393263   0.359595493165749   0.267241429264652


l =

   146


centers =

   0.767462516350738   0.706525211492529   0.605797230055300
   0.776775318809904   0.535972212703524   0.257037458618460
   0.864223238156959   0.849561539952752   0.821547437093861
   0.265304919550228   0.107896557350861   0.083406080212005
   0.198437283206438   0.238064911784037   0.180164749171602
   0.069186070721446   0.097431594213451   0.070583524397985
   0.561662363354185   0.544809219810937   0.505024781477689
   0.440050486393263   0.359595493165749   0.267241429264652


l =

   147


centers =

   0.767462516350738   0.706525211492529   0.605797230055300
   0.776775318809904   0.535972212703524   0.257037458618460
   0.864223238156959   0.849561539952752   0.821547437093861
   0.265304919550228   0.107896557350861   0.083406080212005
   0.198437283206438   0.238064911784037   0.180164749171602
   0.069186070721446   0.097431594213451   0.070583524397985
   0.561662363354185   0.544809219810937   0.505024781477689
   0.440050486393263   0.359595493165749   0.267241429264652


l =

   148


centers =

   0.767462516350738   0.706525211492529   0.605797230055300
   0.776775318809904   0.535972212703524   0.257037458618460
   0.864223238156959   0.849561539952752   0.821547437093861
   0.265304919550228   0.107896557350861   0.083406080212005
   0.198437283206438   0.238064911784037   0.180164749171602
   0.069186070721446   0.097431594213451   0.070583524397985
   0.561662363354185   0.544809219810937   0.505024781477689
   0.440050486393263   0.359595493165749   0.267241429264652


l =

   149


centers =

   0.767462516350738   0.706525211492529   0.605797230055300
   0.776775318809904   0.535972212703524   0.257037458618460
   0.864223238156959   0.849561539952752   0.821547437093861
   0.265304919550228   0.107896557350861   0.083406080212005
   0.198437283206438   0.238064911784037   0.180164749171602
   0.069186070721446   0.097431594213451   0.070583524397985
   0.561662363354185   0.544809219810937   0.505024781477689
   0.440050486393263   0.359595493165749   0.267241429264652


l =

   150


centers =

   0.767462516350738   0.706525211492529   0.605797230055300
   0.776775318809904   0.535972212703524   0.257037458618460
   0.864223238156959   0.849561539952752   0.821547437093861
   0.265304919550228   0.107896557350861   0.083406080212005
   0.198437283206438   0.238064911784037   0.180164749171602
   0.069186070721446   0.097431594213451   0.070583524397985
   0.561662363354185   0.544809219810937   0.505024781477689
   0.440050486393263   0.359595493165749   0.267241429264652


l =

   151


centers =

   0.767462516350738   0.706525211492529   0.605797230055300
   0.776775318809904   0.535972212703524   0.257037458618460
   0.864223238156959   0.849561539952752   0.821547437093861
   0.265304919550228   0.107896557350861   0.083406080212005
   0.198437283206438   0.238064911784037   0.180164749171602
   0.069186070721446   0.097431594213451   0.070583524397985
   0.561662363354185   0.544809219810937   0.505024781477689
   0.440050486393263   0.359595493165749   0.267241429264652


l =

   152


centers =

   0.767462516350738   0.706525211492529   0.605797230055300
   0.776775318809904   0.535972212703524   0.257037458618460
   0.864223238156959   0.849561539952752   0.821547437093861
   0.265304919550228   0.107896557350861   0.083406080212005
   0.198437283206438   0.238064911784037   0.180164749171602
   0.069186070721446   0.097431594213451   0.070583524397985
   0.561662363354185   0.544809219810937   0.505024781477689
   0.440050486393263   0.359595493165749   0.267241429264652


l =

   153


centers =

   0.767462516350738   0.706525211492529   0.605797230055300
   0.776775318809904   0.535972212703524   0.257037458618460
   0.864223238156959   0.849561539952752   0.821547437093861
   0.265304919550228   0.107896557350861   0.083406080212005
   0.198437283206438   0.238064911784037   0.180164749171602
   0.069186070721446   0.097431594213451   0.070583524397985
   0.561662363354185   0.544809219810937   0.505024781477689
   0.440050486393263   0.359595493165749   0.267241429264652


l =

   154


centers =

   0.767462516350738   0.706525211492529   0.605797230055300
   0.776775318809904   0.535972212703524   0.257037458618460
   0.864223238156959   0.849561539952752   0.821547437093861
   0.265304919550228   0.107896557350861   0.083406080212005
   0.198437283206438   0.238064911784037   0.180164749171602
   0.069186070721446   0.097431594213451   0.070583524397985
   0.561662363354185   0.544809219810937   0.505024781477689
   0.440050486393263   0.359595493165749   0.267241429264652


l =

   155


centers =

   0.767462516350738   0.706525211492529   0.605797230055300
   0.776775318809904   0.535972212703524   0.257037458618460
   0.864223238156959   0.849561539952752   0.821547437093861
   0.265304919550228   0.107896557350861   0.083406080212005
   0.198437283206438   0.238064911784037   0.180164749171602
   0.069186070721446   0.097431594213451   0.070583524397985
   0.561662363354185   0.544809219810937   0.505024781477689
   0.440050486393263   0.359595493165749   0.267241429264652


l =

   156


centers =

   0.767462516350738   0.706525211492529   0.605797230055300
   0.776775318809904   0.535972212703524   0.257037458618460
   0.864223238156959   0.849561539952752   0.821547437093861
   0.265304919550228   0.107896557350861   0.083406080212005
   0.198437283206438   0.238064911784037   0.180164749171602
   0.069186070721446   0.097431594213451   0.070583524397985
   0.561662363354185   0.544809219810937   0.505024781477689
   0.440050486393263   0.359595493165749   0.267241429264652


l =

   157


centers =

   0.767462516350738   0.706525211492529   0.605797230055300
   0.776775318809904   0.535972212703524   0.257037458618460
   0.864223238156959   0.849561539952752   0.821547437093861
   0.265304919550228   0.107896557350861   0.083406080212005
   0.198437283206438   0.238064911784037   0.180164749171602
   0.069186070721446   0.097431594213451   0.070583524397985
   0.561662363354185   0.544809219810937   0.505024781477689
   0.440050486393263   0.359595493165749   0.267241429264652


l =

   158


centers =

   0.767462516350738   0.706525211492529   0.605797230055300
   0.776775318809904   0.535972212703524   0.257037458618460
   0.864223238156959   0.849561539952752   0.821547437093861
   0.265304919550228   0.107896557350861   0.083406080212005
   0.198437283206438   0.238064911784037   0.180164749171602
   0.069186070721446   0.097431594213451   0.070583524397985
   0.561662363354185   0.544809219810937   0.505024781477689
   0.440050486393263   0.359595493165749   0.267241429264652


l =

   159


centers =

   0.767462516350738   0.706525211492529   0.605797230055300
   0.776775318809904   0.535972212703524   0.257037458618460
   0.864223238156959   0.849561539952752   0.821547437093861
   0.265304919550228   0.107896557350861   0.083406080212005
   0.198437283206438   0.238064911784037   0.180164749171602
   0.069186070721446   0.097431594213451   0.070583524397985
   0.561662363354185   0.544809219810937   0.505024781477689
   0.440050486393263   0.359595493165749   0.267241429264652


l =

   160


centers =

   0.767462516350738   0.706525211492529   0.605797230055300
   0.776775318809904   0.535972212703524   0.257037458618460
   0.864223238156959   0.849561539952752   0.821547437093861
   0.265304919550228   0.107896557350861   0.083406080212005
   0.198437283206438   0.238064911784037   0.180164749171602
   0.069186070721446   0.097431594213451   0.070583524397985
   0.561662363354185   0.544809219810937   0.505024781477689
   0.440050486393263   0.359595493165749   0.267241429264652


l =

   161


centers =

   0.767462516350738   0.706525211492529   0.605797230055300
   0.776775318809904   0.535972212703524   0.257037458618460
   0.864223238156959   0.849561539952752   0.821547437093861
   0.265304919550228   0.107896557350861   0.083406080212005
   0.198437283206438   0.238064911784037   0.180164749171602
   0.069186070721446   0.097431594213451   0.070583524397985
   0.561662363354185   0.544809219810937   0.505024781477689
   0.440050486393263   0.359595493165749   0.267241429264652


l =

   162


centers =

   0.767462516350738   0.706525211492529   0.605797230055300
   0.776775318809904   0.535972212703524   0.257037458618460
   0.864223238156959   0.849561539952752   0.821547437093861
   0.265304919550228   0.107896557350861   0.083406080212005
   0.198437283206438   0.238064911784037   0.180164749171602
   0.069186070721446   0.097431594213451   0.070583524397985
   0.561662363354185   0.544809219810937   0.505024781477689
   0.440050486393263   0.359595493165749   0.267241429264652


l =

   163


centers =

   0.767462516350738   0.706525211492529   0.605797230055300
   0.776775318809904   0.535972212703524   0.257037458618460
   0.864223238156959   0.849561539952752   0.821547437093861
   0.265304919550228   0.107896557350861   0.083406080212005
   0.198437283206438   0.238064911784037   0.180164749171602
   0.069186070721446   0.097431594213451   0.070583524397985
   0.561662363354185   0.544809219810937   0.505024781477689
   0.440050486393263   0.359595493165749   0.267241429264652


l =

   164


centers =

   0.767462516350738   0.706525211492529   0.605797230055300
   0.776775318809904   0.535972212703524   0.257037458618460
   0.864223238156959   0.849561539952752   0.821547437093861
   0.265304919550228   0.107896557350861   0.083406080212005
   0.198437283206438   0.238064911784037   0.180164749171602
   0.069186070721446   0.097431594213451   0.070583524397985
   0.561662363354185   0.544809219810937   0.505024781477689
   0.440050486393263   0.359595493165749   0.267241429264652


l =

   165


centers =

   0.767462516350738   0.706525211492529   0.605797230055300
   0.776775318809904   0.535972212703524   0.257037458618460
   0.864223238156959   0.849561539952752   0.821547437093861
   0.265304919550228   0.107896557350861   0.083406080212005
   0.198437283206438   0.238064911784037   0.180164749171602
   0.069186070721446   0.097431594213451   0.070583524397985
   0.561662363354185   0.544809219810937   0.505024781477689
   0.440050486393263   0.359595493165749   0.267241429264652


l =

   166


centers =

   0.767462516350738   0.706525211492529   0.605797230055300
   0.776775318809904   0.535972212703524   0.257037458618460
   0.864223238156959   0.849561539952752   0.821547437093861
   0.265304919550228   0.107896557350861   0.083406080212005
   0.198437283206438   0.238064911784037   0.180164749171602
   0.069186070721446   0.097431594213451   0.070583524397985
   0.561662363354185   0.544809219810937   0.505024781477689
   0.440050486393263   0.359595493165749   0.267241429264652


l =

   167


centers =

   0.767462516350738   0.706525211492529   0.605797230055300
   0.776775318809904   0.535972212703524   0.257037458618460
   0.864223238156959   0.849561539952752   0.821547437093861
   0.265304919550228   0.107896557350861   0.083406080212005
   0.198437283206438   0.238064911784037   0.180164749171602
   0.069186070721446   0.097431594213451   0.070583524397985
   0.561662363354185   0.544809219810937   0.505024781477689
   0.440050486393263   0.359595493165749   0.267241429264652


l =

   168


centers =

   0.767462516350738   0.706525211492529   0.605797230055300
   0.776775318809904   0.535972212703524   0.257037458618460
   0.864223238156959   0.849561539952752   0.821547437093861
   0.265304919550228   0.107896557350861   0.083406080212005
   0.198437283206438   0.238064911784037   0.180164749171602
   0.069186070721446   0.097431594213451   0.070583524397985
   0.561662363354185   0.544809219810937   0.505024781477689
   0.440050486393263   0.359595493165749   0.267241429264652


l =

   169


centers =

   0.767462516350738   0.706525211492529   0.605797230055300
   0.776775318809904   0.535972212703524   0.257037458618460
   0.864223238156959   0.849561539952752   0.821547437093861
   0.265304919550228   0.107896557350861   0.083406080212005
   0.198437283206438   0.238064911784037   0.180164749171602
   0.069186070721446   0.097431594213451   0.070583524397985
   0.561662363354185   0.544809219810937   0.505024781477689
   0.440050486393263   0.359595493165749   0.267241429264652


l =

   170


centers =

   0.767462516350738   0.706525211492529   0.605797230055300
   0.776775318809904   0.535972212703524   0.257037458618460
   0.864223238156959   0.849561539952752   0.821547437093861
   0.265304919550228   0.107896557350861   0.083406080212005
   0.198437283206438   0.238064911784037   0.180164749171602
   0.069186070721446   0.097431594213451   0.070583524397985
   0.561662363354185   0.544809219810937   0.505024781477689
   0.440050486393263   0.359595493165749   0.267241429264652


l =

   171


centers =

   0.767462516350738   0.706525211492529   0.605797230055300
   0.776775318809904   0.535972212703524   0.257037458618460
   0.864223238156959   0.849561539952752   0.821547437093861
   0.265304919550228   0.107896557350861   0.083406080212005
   0.198437283206438   0.238064911784037   0.180164749171602
   0.069186070721446   0.097431594213451   0.070583524397985
   0.561662363354185   0.544809219810937   0.505024781477689
   0.440050486393263   0.359595493165749   0.267241429264652


l =

   172


centers =

   0.767462516350738   0.706525211492529   0.605797230055300
   0.776775318809904   0.535972212703524   0.257037458618460
   0.864223238156959   0.849561539952752   0.821547437093861
   0.265304919550228   0.107896557350861   0.083406080212005
   0.198437283206438   0.238064911784037   0.180164749171602
   0.069186070721446   0.097431594213451   0.070583524397985
   0.561662363354185   0.544809219810937   0.505024781477689
   0.440050486393263   0.359595493165749   0.267241429264652

{Operation terminated by user during <a href="matlab:helpUtils.errorDocCallback('kmeans_segm', '/home/li9i/KTH/HT15/2/DD2423 - Image Analysis and Computer Vision/Laboratory exercises/3/solutions/my_functions/kmeans_segm.m', 65)" style="font-weight:bold">kmeans_segm</a> (<a href="matlab: opentoline('/home/li9i/KTH/HT15/2/DD2423 - Image Analysis and Computer Vision/Laboratory exercises/3/solutions/my_functions/kmeans_segm.m',65,0)">line 65</a>)

In <a href="matlab:helpUtils.errorDocCallback('kmeans_example', '/home/li9i/KTH/HT15/2/DD2423 - Image Analysis and Computer Vision/Laboratory exercises/3/bildat_lab3/kmeans_example.m', 15)" style="font-weight:bold">kmeans_example</a> (<a href="matlab: opentoline('/home/li9i/KTH/HT15/2/DD2423 - Image Analysis and Computer Vision/Laboratory exercises/3/bildat_lab3/kmeans_example.m',15,0)">line 15</a>)
[ segm, centers ] = kmeans_segm(I, K, L, seed);
} 
diary off
